HDF	Agave.inulin	PDX	SCF	RW	RS4	B.GOS	FOS	WG	β.glucan	ITFs	GOS	RS	DF	Avocado	RMD	AXOS	MSPrebiotic	RS2	RG	Walnut	RPS	PCS	PPB	XOS	KGM	Inulin	LKFibre	JA	CH	PHGG	VLCI
HDF	NA	8.94011620967962e-12	0.000939975902016338	9.71001200344229e-08	7.46155142323381e-05	1.20907754976694e-10	0.487724030531296	0.396012968102549	0.477468584879563	0.168288466370047	0.00347637308217028	0.343356737032686	0.0563969706677241	0.487155320190256	0.019440360842831	0.477468584879563	0.0644318488046961	0.470779473932205	1.04531273135948e-21	0.0965824319053248	1.00887896267091e-05	0.471172613655016	0.42900355706533	0.42900355706533	0.0758429511382593	0.312406169864925	0.490513971561646	0.0569651278799104	0.42900355706533	0.42900355706533	0.411551962595556	0.471172613655016
Agave.inulin	8.94011620967962e-12	NA	0.146686284580631	0.00195184034797718	0.140734315977776	0.309811185936952	0.463318554980424	0.43304833132964	0.477468584879563	0.456247880640299	0.0795371369862429	0.0750912618662219	0.0236169418970343	0.477468584879563	0.487724030531296	0.4197496301495	0.487724030531296	0.487877483057264	2.26960794285104e-08	0.447179008423954	0.396012968102549	0.316461459348164	0.0758429511382593	0.0758429511382593	0.000612560747562353	0.0302130997829593	0.00209950459124912	4.293619311283e-08	0.0414967830359774	0.0414967830359774	0.312406169864925	0.432322433850311
PDX	0.000939975902016338	0.146686284580631	NA	8.47157151967516e-15	7.05709811092774e-07	2.51530250887697e-05	0.490513971561646	0.258393261705422	0.00165585823632517	0.440518603714653	0.440518603714653	0.274922518202944	0.477931632749382	0.391882859868918	0.471172613655016	0.42900355706533	0.104664568785193	0.347707589399377	0.0105128087710324	0.400324669253891	0.5	0.478495638917193	0.418758835502755	0.418758835502755	0.177422719024698	0.107433551858668	0.465935052545108	0.41198109541904	0.477931632749382	0.477931632749382	0.447179008423954	0.456247880640299
SCF	9.71001200344229e-08	0.00195184034797718	8.47157151967516e-15	NA	4.28651580246208e-11	6.93072888558926e-07	0.463318554980424	0.175373958183984	0.390253442867849	0.175373958183984	0.153027470109705	0.323423779206786	0.477931632749382	0.173563653419468	0.463318554980424	0.0294842762356838	0.457170329759412	0.463318554980424	0.00136063309623783	0.302015482657168	0.000416216806734414	0.490513971561646	0.42900355706533	0.42900355706533	0.176210900158493	0.196977752739817	0.49582603061625	0.320951180297653	0.477468584879563	0.477468584879563	0.490513971561646	0.396012968102549
RW	7.46155142323381e-05	0.140734315977776	7.05709811092774e-07	4.28651580246208e-11	NA	8.53824982234818e-17	0.224430430934637	0.477931632749382	0.456247880640299	0.471172613655016	0.440518603714653	0.478580777270736	0.478854931594335	3.34230566034361e-05	0.430630435884132	6.69653274789986e-05	0.478854931594335	0.297307959178752	0.00885598774230387	0.42900355706533	0.307797209197992	0.195819373741562	0.471172613655016	0.471172613655016	0.486624173415685	0.490513971561646	0.18974320359274	0.5	0.000765208215243316	0.000765208215243316	0.000481768666824806	0.0143315500498789
RS4	1.20907754976694e-10	0.309811185936952	2.51530250887697e-05	6.93072888558926e-07	8.53824982234818e-17	NA	0.457057448411264	0.396012968102549	0.488607746557681	0.490513971561646	0.372436492026931	0.471172613655016	0.487724030531296	0.0243505184417348	0.347707589399377	0.000599797610999205	0.470779473932205	0.477468584879563	0.00523571828857119	0.305808539829279	2.5896542345269e-05	0.456247880640299	0.477468584879563	0.477468584879563	0.256020528602695	0.428728831989545	0.447973855082633	0.306511221435328	0.429832290042793	0.429832290042793	0.323423779206786	0.463318554980424
B.GOS	0.487724030531296	0.463318554980424	0.490513971561646	0.463318554980424	0.224430430934637	0.457057448411264	NA	1.01675163449544e-05	0.00101382402114254	0.479705513616736	0.477931632749382	0.4197496301495	0.0125349948070848	0.373894723172727	0.0439871122530967	0.403348916489964	0.000793371747552096	0.0292025602633094	0.428728831989545	0.447939274031689	0.429850437445771	0.137653600154337	0.312406169864925	0.312406169864925	0.444131396702988	0.23991104771415	0.403348916489964	0.158257187434471	9.71001200344229e-08	9.71001200344229e-08	0.168288466370047	0.477931632749382
FOS	0.396012968102549	0.43304833132964	0.258393261705422	0.175373958183984	0.477931632749382	0.396012968102549	1.01675163449544e-05	NA	0.00282016974967898	0.477468584879563	0.463318554980424	0.389758084073808	0.477468584879563	0.477468584879563	0.477468584879563	0.456247880640299	0.265203331378998	0.447179008423954	0.477468584879563	0.486624173415685	0.471172613655016	0.471172613655016	0.251337237374408	0.251337237374408	0.0878413006651231	0.0417074216383407	0.42900355706533	0.27061550160861	0.477931632749382	0.477931632749382	0.486624173415685	0.4197496301495
WG	0.477468584879563	0.477468584879563	0.00165585823632517	0.390253442867849	0.456247880640299	0.488607746557681	0.00101382402114254	0.00282016974967898	NA	0.478854931594335	0.495699202346993	0.398655307084659	0.463318554980424	0.42900355706533	0.471172613655016	0.477468584879563	0.265203331378998	0.477468584879563	0.462689407056394	0.000315982693951139	0.471172613655016	0.471172613655016	0.456247880640299	0.456247880640299	0.268214587281446	0.180604883632675	0.477931632749382	0.477468584879563	0.153027470109705	0.153027470109705	0.471172613655016	0.477931632749382
β.glucan	0.168288466370047	0.456247880640299	0.440518603714653	0.175373958183984	0.471172613655016	0.490513971561646	0.479705513616736	0.477468584879563	0.478854931594335	NA	0.468487188952179	0.490513971561646	0.486624173415685	0.477468584879563	0.477468584879563	0.463318554980424	0.42900355706533	0.439017498103559	0.012806761655196	0.470779473932205	0.0684077584919206	0.477468584879563	0.471172613655016	0.471172613655016	0.471172613655016	0.477468584879563	0.444809769274342	0.5	0.471172613655016	0.471172613655016	0.5	0.487155320190256
ITFs	0.00347637308217028	0.0795371369862429	0.440518603714653	0.153027470109705	0.440518603714653	0.372436492026931	0.477931632749382	0.463318554980424	0.495699202346993	0.468487188952179	NA	0.429850437445771	0.471172613655016	0.478854931594335	0.477931632749382	0.387698017607098	0.393756750716171	0.477468584879563	0.125300430360776	0.448022040924343	0.477468584879563	0.477468584879563	0.463318554980424	0.463318554980424	0.470779473932205	0.477468584879563	0.470779473932205	0.355324488230115	0.42900355706533	0.42900355706533	0.471172613655016	0.477468584879563
GOS	0.343356737032686	0.0750912618662219	0.274922518202944	0.323423779206786	0.478580777270736	0.471172613655016	0.4197496301495	0.389758084073808	0.398655307084659	0.490513971561646	0.429850437445771	NA	0.481627496644431	0.451678314829156	0.478854931594335	0.429850437445771	0.0684077584919206	0.451678314829156	0.469772634293345	0.487155320190256	0.490513971561646	0.477931632749382	0.0523422353849649	0.0523422353849649	0.000612560747562353	0.000286307689795642	0.168288466370047	0.0414967830359774	0.463318554980424	0.463318554980424	0.0232145858089018	0.27061550160861
RS	0.0563969706677241	0.0236169418970343	0.477931632749382	0.477931632749382	0.478854931594335	0.487724030531296	0.0125349948070848	0.477468584879563	0.463318554980424	0.486624173415685	0.471172613655016	0.481627496644431	NA	0.00998432423720999	0.00343768926620738	0.418758835502755	0.00174102791259808	0.251374826376209	0.0195959324179789	0.146686284580631	0.425600405203376	0.471172613655016	0.486624173415685	0.486624173415685	0.399397876073796	0.463318554980424	0.265864609305137	0.428728831989545	0.20227733466878	0.20227733466878	0.477468584879563	0.430630435884132
DF	0.487155320190256	0.477468584879563	0.391882859868918	0.173563653419468	3.34230566034361e-05	0.0243505184417348	0.373894723172727	0.477468584879563	0.42900355706533	0.477468584879563	0.478854931594335	0.451678314829156	0.00998432423720999	NA	0.0761826039651508	0.00753561849599165	0.0940192634026518	0.251374826376209	0.444131396702988	0.0159526995408984	0.478854931594335	0.400241306527677	0.441571868633692	0.441571868633692	0.382795268300496	0.334841789582211	0.153027470109705	0.43304833132964	0.000121143667480116	0.000121143667480116	0.000232660812627236	3.38119925017485e-09
Avocado	0.019440360842831	0.487724030531296	0.471172613655016	0.463318554980424	0.430630435884132	0.347707589399377	0.0439871122530967	0.477468584879563	0.471172613655016	0.477468584879563	0.477931632749382	0.478854931594335	0.00343768926620738	0.0761826039651508	NA	0.000419340078737616	0.00295550183620173	0.0684077584919206	0.285057976121775	0.481627496644431	0.445946878141641	0.478580777270736	0.477468584879563	0.477468584879563	0.428728831989545	0.415814085205879	0.0376193444792645	0.5	8.41419024952541e-12	8.41419024952541e-12	0.42900355706533	0.0562216324247859
RMD	0.477468584879563	0.4197496301495	0.42900355706533	0.0294842762356838	6.69653274789986e-05	0.000599797610999205	0.403348916489964	0.456247880640299	0.477468584879563	0.463318554980424	0.387698017607098	0.429850437445771	0.418758835502755	0.00753561849599165	0.000419340078737616	NA	0.0033986685614991	0.474097736365146	0.410967672224462	0.471172613655016	0.471172613655016	0.470779473932205	0.468487188952179	0.468487188952179	0.463318554980424	0.471172613655016	1.32637662571241e-08	0.176210900158493	0.146686284580631	0.146686284580631	0.447939274031689	0.0562216324247859
AXOS	0.0644318488046961	0.487724030531296	0.104664568785193	0.457170329759412	0.478854931594335	0.470779473932205	0.000793371747552096	0.265203331378998	0.265203331378998	0.42900355706533	0.393756750716171	0.0684077584919206	0.00174102791259808	0.0940192634026518	0.00295550183620173	0.0033986685614991	NA	0.00416805648842348	0.32944490232792	0.0310781718349073	0.454711772085997	0.347707589399377	0.357378022997285	0.357378022997285	0.0143315500498789	0.0143315500498789	0.179133213464387	0.237592831683653	0.000939975902016338	0.000939975902016338	0.371886283425775	0.23991104771415
MSPrebiotic	0.470779473932205	0.487877483057264	0.347707589399377	0.463318554980424	0.297307959178752	0.477468584879563	0.0292025602633094	0.447179008423954	0.477468584879563	0.439017498103559	0.477468584879563	0.451678314829156	0.251374826376209	0.251374826376209	0.0684077584919206	0.474097736365146	0.00416805648842348	NA	0.447179008423954	0.0139074482645641	0.481494477437034	0.471172613655016	0.32944490232792	0.32944490232792	0.256020528602695	0.1548860221575	0.478580777270736	0.487724030531296	0.471172613655016	0.471172613655016	0.5	0.23889515715361
RS2	1.04531273135948e-21	2.26960794285104e-08	0.0105128087710324	0.00136063309623783	0.00885598774230387	0.00523571828857119	0.428728831989545	0.477468584879563	0.462689407056394	0.012806761655196	0.125300430360776	0.469772634293345	0.0195959324179789	0.444131396702988	0.285057976121775	0.410967672224462	0.32944490232792	0.447179008423954	NA	3.12055049196624e-13	0.0215302819823905	0.000214304552613017	0.487724030531296	0.487724030531296	0.069068103358031	0.251374826376209	0.441571868633692	0.5	0.161996455566072	0.161996455566072	0.278525644750853	0.477468584879563
RG	0.0965824319053248	0.447179008423954	0.400324669253891	0.302015482657168	0.42900355706533	0.305808539829279	0.447939274031689	0.486624173415685	0.000315982693951139	0.470779473932205	0.448022040924343	0.487155320190256	0.146686284580631	0.0159526995408984	0.481627496644431	0.471172613655016	0.0310781718349073	0.0139074482645641	3.12055049196624e-13	NA	0.0965824319053248	0.43304833132964	0.440964523895168	0.440964523895168	0.28173161832449	0.182828598560666	0.471172613655016	0.5	0.487155320190256	0.487155320190256	0.420142008745397	0.471172613655016
Walnut	1.00887896267091e-05	0.396012968102549	0.5	0.000416216806734414	0.307797209197992	2.5896542345269e-05	0.429850437445771	0.471172613655016	0.471172613655016	0.0684077584919206	0.477468584879563	0.490513971561646	0.425600405203376	0.478854931594335	0.445946878141641	0.471172613655016	0.454711772085997	0.481494477437034	0.0215302819823905	0.0965824319053248	NA	0.139770578052988	0.42900355706533	0.42900355706533	0.00379190998917268	0.0417074216383407	0.463318554980424	0.129943336062008	0.0750912618662219	0.0750912618662219	0.033537508761658	0.447939274031689
RPS	0.471172613655016	0.316461459348164	0.478495638917193	0.490513971561646	0.195819373741562	0.456247880640299	0.137653600154337	0.471172613655016	0.471172613655016	0.477468584879563	0.477468584879563	0.477931632749382	0.471172613655016	0.400241306527677	0.478580777270736	0.470779473932205	0.347707589399377	0.471172613655016	0.000214304552613017	0.43304833132964	0.139770578052988	NA	0.428728831989545	0.428728831989545	0.372275139831936	0.477468584879563	0.0628127540931175	0.00428670527387993	3.48578513837325e-05	3.48578513837325e-05	0.302015482657168	0.465935052545108
PCS	0.42900355706533	0.0758429511382593	0.418758835502755	0.42900355706533	0.471172613655016	0.477468584879563	0.312406169864925	0.251337237374408	0.456247880640299	0.471172613655016	0.463318554980424	0.0523422353849649	0.486624173415685	0.441571868633692	0.477468584879563	0.468487188952179	0.357378022997285	0.32944490232792	0.487724030531296	0.440964523895168	0.42900355706533	0.428728831989545	NA	1.39637780338634e-34	3.12055049196624e-13	2.27386588477638e-10	0.104358488562016	1.63970360432755e-05	0.428728831989545	0.428728831989545	0.477468584879563	0.230414989510982
PPB	0.42900355706533	0.0758429511382593	0.418758835502755	0.42900355706533	0.471172613655016	0.477468584879563	0.312406169864925	0.251337237374408	0.456247880640299	0.471172613655016	0.463318554980424	0.0523422353849649	0.486624173415685	0.441571868633692	0.477468584879563	0.468487188952179	0.357378022997285	0.32944490232792	0.487724030531296	0.440964523895168	0.42900355706533	0.428728831989545	1.39637780338634e-34	NA	3.12055049196624e-13	2.27386588477638e-10	0.104358488562016	1.63970360432755e-05	0.428728831989545	0.428728831989545	0.477468584879563	0.230414989510982
XOS	0.0758429511382593	0.000612560747562353	0.177422719024698	0.176210900158493	0.486624173415685	0.256020528602695	0.444131396702988	0.0878413006651231	0.268214587281446	0.471172613655016	0.470779473932205	0.000612560747562353	0.399397876073796	0.382795268300496	0.428728831989545	0.463318554980424	0.0143315500498789	0.256020528602695	0.069068103358031	0.28173161832449	0.00379190998917268	0.372275139831936	3.12055049196624e-13	3.12055049196624e-13	NA	4.60223595964994e-25	0.0684077584919206	6.70966992885786e-06	2.82633983563385e-06	2.82633983563385e-06	0.0878071764462095	0.0414967830359774
KGM	0.312406169864925	0.0302130997829593	0.107433551858668	0.196977752739817	0.490513971561646	0.428728831989545	0.23991104771415	0.0417074216383407	0.180604883632675	0.477468584879563	0.477468584879563	0.000286307689795642	0.463318554980424	0.334841789582211	0.415814085205879	0.471172613655016	0.0143315500498789	0.1548860221575	0.251374826376209	0.182828598560666	0.0417074216383407	0.477468584879563	2.27386588477638e-10	2.27386588477638e-10	4.60223595964994e-25	NA	0.193301130380006	0.00112223329607895	0.00141462447115949	0.00141462447115949	0.160917347123637	0.0156870926003291
Inulin	0.490513971561646	0.00209950459124912	0.465935052545108	0.49582603061625	0.18974320359274	0.447973855082633	0.403348916489964	0.42900355706533	0.477931632749382	0.444809769274342	0.470779473932205	0.168288466370047	0.265864609305137	0.153027470109705	0.0376193444792645	1.32637662571241e-08	0.179133213464387	0.478580777270736	0.441571868633692	0.471172613655016	0.463318554980424	0.0628127540931175	0.104358488562016	0.104358488562016	0.0684077584919206	0.193301130380006	NA	4.08218403303516e-08	0.0511138741604419	0.0511138741604419	0.463318554980424	0.372275139831936
LKFibre	0.0569651278799104	4.293619311283e-08	0.41198109541904	0.320951180297653	0.5	0.306511221435328	0.158257187434471	0.27061550160861	0.477468584879563	0.5	0.355324488230115	0.0414967830359774	0.428728831989545	0.43304833132964	0.5	0.176210900158493	0.237592831683653	0.487724030531296	0.5	0.5	0.129943336062008	0.00428670527387993	1.63970360432755e-05	1.63970360432755e-05	6.70966992885786e-06	0.00112223329607895	4.08218403303516e-08	NA	0.0376193444792645	0.0376193444792645	0.428728831989545	0.334949317723203
JA	0.42900355706533	0.0414967830359774	0.477931632749382	0.477468584879563	0.000765208215243316	0.429832290042793	9.71001200344229e-08	0.477931632749382	0.153027470109705	0.471172613655016	0.42900355706533	0.463318554980424	0.20227733466878	0.000121143667480116	8.41419024952541e-12	0.146686284580631	0.000939975902016338	0.471172613655016	0.161996455566072	0.487155320190256	0.0750912618662219	3.48578513837325e-05	0.428728831989545	0.428728831989545	2.82633983563385e-06	0.00141462447115949	0.0511138741604419	0.0376193444792645	NA	1.39637780338634e-34	2.72412681080016e-05	0.146686284580631
CH	0.42900355706533	0.0414967830359774	0.477931632749382	0.477468584879563	0.000765208215243316	0.429832290042793	9.71001200344229e-08	0.477931632749382	0.153027470109705	0.471172613655016	0.42900355706533	0.463318554980424	0.20227733466878	0.000121143667480116	8.41419024952541e-12	0.146686284580631	0.000939975902016338	0.471172613655016	0.161996455566072	0.487155320190256	0.0750912618662219	3.48578513837325e-05	0.428728831989545	0.428728831989545	2.82633983563385e-06	0.00141462447115949	0.0511138741604419	0.0376193444792645	1.39637780338634e-34	NA	2.72412681080016e-05	0.146686284580631
PHGG	0.411551962595556	0.312406169864925	0.447179008423954	0.490513971561646	0.000481768666824806	0.323423779206786	0.168288466370047	0.486624173415685	0.471172613655016	0.5	0.471172613655016	0.0232145858089018	0.477468584879563	0.000232660812627236	0.42900355706533	0.447939274031689	0.371886283425775	0.5	0.278525644750853	0.420142008745397	0.033537508761658	0.302015482657168	0.477468584879563	0.477468584879563	0.0878071764462095	0.160917347123637	0.463318554980424	0.428728831989545	2.72412681080016e-05	2.72412681080016e-05	NA	0.0758429511382593
VLCI	0.471172613655016	0.432322433850311	0.456247880640299	0.396012968102549	0.0143315500498789	0.463318554980424	0.477931632749382	0.4197496301495	0.477931632749382	0.487155320190256	0.477468584879563	0.27061550160861	0.430630435884132	3.38119925017485e-09	0.0562216324247859	0.0562216324247859	0.23991104771415	0.23889515715361	0.477468584879563	0.471172613655016	0.447939274031689	0.465935052545108	0.230414989510982	0.230414989510982	0.0414967830359774	0.0156870926003291	0.372275139831936	0.334949317723203	0.146686284580631	0.146686284580631	0.0758429511382593	NA
