Disease	Dimension 1	Dimension 2	Dimension 3	Dimension 4	Dimension 5	Dimension 6	Dimension 7	Dimension 8	Dimension 9	Dimension 10	Dimension 11	Dimension 12	Dimension 13	Dimension 14	Dimension 15	Dimension 16	Dimension 17	Dimension 18	Dimension 19	Dimension 20
Brain_Damage	1.45186442	-1.777233367	2.247016482	-0.049702038	0.828663438	-0.363554459	-1.132692578	1.472669735	0.076007263	0.175347416	-0.219703483	-0.454087819	0.732211928	-0.318150985	0.544046963	-1.252139674	-0.585946237	-0.043830011	-0.057962502	0.005572211
Pancreatic_Disease	-1.798211224	-1.465928589	1.277915434	0.075405557	-0.778463157	-0.809648831	1.014366858	0.588562256	1.114122927	0.104344956	-2.337924202	0.164930933	-0.460674672	-0.752177154	0.575065462	1.211848916	0.485121321	-0.556611124	-1.128900167	-0.014008254
Growth_Hormone_Deficiency	1.519313385	-0.654132996	1.697658034	3.104232996	-0.281095078	-2.580798819	-0.904304316	-0.484477207	-0.359811816	-1.008128747	3.482167495	0.418522084	0.013195803	-0.202643745	-0.518715907	-0.035321593	0.494988722	0.166505958	0.724890249	-0.011399669
Hyperaldosteronism	-1.798792638	-2.652050915	0.8413873	4.058949093	1.368555571	-0.432397371	-1.889135976	-0.463863983	-0.481503656	-1.279244235	-0.761321489	-0.175447988	0.111229832	0.784864677	-0.210166465	-0.053017333	-0.125341745	-0.683185531	-0.240988705	0.008852845
Type_II_Diabetes_Mellitus	-0.093553337	0.667640893	0.215705898	-0.372897146	0.604896362	1.270917798	-0.512906337	-0.248398134	0.07291776	-1.548730075	-1.143422522	0.030875293	-0.518116366	-0.605550118	-0.737379006	2.126383322	1.28620033	0.098727765	0.429420952	0.003773123
Unspecified_Diabetes_Mellitus	0.466336422	0.165472269	0.661009831	-0.672042824	0.870663963	2.579962433	-0.901957417	-0.994504062	-1.05304699	-0.88588944	-1.196771462	0.664787125	-0.617574342	-1.506889891	-0.368051563	2.73953645	0.781238106	0.107866927	0.360511207	-0.008741101
Huntingtons_Chorea	-0.61833901	-1.062037277	0.699848493	-2.363551469	-2.905213191	0.096486039	-0.935170821	0.533132968	1.671719624	-0.364028128	0.097726212	-2.347236541	0.642493933	-0.171474899	-0.053344266	-0.596268303	-0.10882512	-0.51830231	-0.905240205	-0.013018335
General_Thrombocytopenia	-1.200395999	1.132554664	1.271921297	1.081827584	-0.084168275	-0.261800699	-1.246659326	0.057979161	-0.106101688	1.509229755	-0.036752328	-1.674631005	0.122293419	-0.077812644	1.553545043	-1.292851238	1.059920286	0.544983166	0.195517489	0.010339323
Hereditary_Hemoglobin_Disease	1.431187683	1.226678191	2.52663368	0.845577914	0.090430706	2.145253689	1.503099101	-0.025495514	0.271386827	0.491580269	-1.176993806	1.474892751	-1.372178852	0.200199409	0.236974274	-0.988232276	0.499646769	0.429204176	-0.938306823	0.002998849
Non-Specific_Anemia	-1.1202412	0.812560831	-0.097176346	1.089054556	1.161393946	1.621877946	0.544803506	-0.12743229	0.394744922	1.374846011	-0.30236344	0.49614921	-0.72417937	0.054784898	-0.113060735	-0.272220854	0.406497038	0.209228104	0.658678784	-0.009047259
Purpura_Other_Hemorrhagic_Conditions	-1.021130874	0.759253911	-0.021143602	0.853194538	1.674240028	0.916496327	0.019694174	-1.269481634	-0.487401147	0.063981924	1.900188861	-1.07745778	1.958245577	-0.182576193	-0.240982143	-2.233922709	0.702794954	-0.069956518	-0.344233857	0.006185416
Spleen_Disease	-1.436253801	0.39579441	1.559062294	0.679166459	-0.02521245	-1.838734087	1.283385711	0.104276173	-0.154394726	1.173500261	-1.330497538	-0.561618549	0.027307142	0.042795068	0.562376831	0.345740321	-0.253948829	0.091594418	-0.096819646	-0.003773841
Motor_Neuron_Disease	0.330009578	-2.999106713	1.458765141	-2.176548533	-1.160852082	0.79550547	0.77641633	-0.869970382	-0.168734335	0.843070068	1.059987168	-0.19274583	1.22076853	0.248509349	0.044331655	0.119599393	-0.773732966	0.098605742	-0.826761719	-0.005002617
Biliary_Tract_Disease	-1.496491476	-0.440020462	-0.110241216	-0.185629228	-0.008283669	-1.120777013	1.494630609	0.762038364	0.852416378	0.147047238	-1.496054423	0.422831316	-0.693786456	-0.540121345	1.300134091	0.373117235	0.209765384	-0.752693969	-1.151527299	-0.001932606
Chronic_Liver_Disease	-1.712834633	0.301703138	0.925941963	0.512443964	-0.749731575	-1.632697903	0.386882672	0.528804305	0.20479561	0.496636324	-2.441363383	0.197532455	-0.291420994	0.666954143	0.131568041	0.919372523	0.630725493	0.020802473	-0.412054722	-0.000248141
Non-Specific_Liver_Disease	-1.433261583	0.184553739	-0.045940951	0.54184228	0.048863413	-2.354374222	0.623845711	0.435142299	0.397763865	1.086542777	-1.564480341	0.121478699	-0.266069664	-0.081644591	0.86431298	0.323827717	-0.10781933	0.456296454	-0.535496759	0.005156716
Allergic_Rhinitis	1.410357394	-0.688669902	-2.204289411	1.062590783	-1.347409668	0.275311912	1.909611878	-1.165897275	0.690080747	-1.666785475	0.412726218	0.997717702	1.255157704	0.28496585	-0.375460698	-0.522878288	0.292656607	0.145503307	-0.444810968	-0.005121366
Asthma	1.306312922	-0.451744674	-0.937531063	0.197342006	-1.300766192	-0.426391833	2.59912182	-1.261306781	0.99417504	-1.15395114	-0.373058177	0.968981719	0.780587153	-0.294637541	-1.421073526	-0.896780235	0.919283332	-0.349890298	-0.009918647	0.004860305
Atopic_Contact_Dermatitis	-0.194371996	0.915290418	-1.64340618	-0.249769979	-0.861182018	-0.040748161	-0.050141032	-1.099748047	-0.184400174	-0.216845793	0.707369989	-0.065261461	0.08094868	0.084056027	-0.034883611	-0.797850422	-0.298649535	-0.655613481	0.266864025	-0.002213809
Autoimmune_Lymphoproliferative_Syndrome	-1.387678	1.067900543	0.108463656	1.001542586	-0.800108738	0.618249039	-0.087439567	0.16825646	0.303622708	0.180676396	0.239984817	0.13144519	-0.261746675	0.269008708	-0.237433755	0.024673813	0.02028756	0.20646407	0.085755999	0.009831441
Autoimmune_Polyglandular_Disorder	-0.672267982	-0.052936531	-0.217693379	1.340456855	-0.224064446	0.49919918	0.055868507	0.224945025	0.320004572	-0.7635634	0.212122294	-0.48074508	-0.101565977	0.03525179	-0.129375224	0.259633297	0.153907813	0.128678094	0.017567747	0.008548431
Behcets_Syndrome	0.506043824	0.859070583	-2.10219413	0.081775566	0.681238668	-0.191335072	-0.12691139	0.935289111	2.435648377	2.159531051	1.162863329	1.079226205	0.377980175	-1.665134046	-1.687922369	-0.528205081	-0.474248029	0.298334126	-0.803737451	-0.005971005
Chronic_Sinusitis	1.1029229	-1.138275521	-1.147879212	0.226560081	-1.384667946	0.039731747	1.405809954	-0.264800895	0.533759715	-1.932832414	0.294291083	-0.277491643	0.353742537	0.465264698	0.644086647	-0.645137722	0.633627437	0.785232577	-0.852287409	-0.00022443
Chronic_Tonsillitis_Adenoiditis	1.276542243	-1.779343918	-0.066283622	0.24026176	-0.984045259	0.132069132	1.353614073	-1.360867186	-0.735993913	-1.46944524	0.016472771	-0.424062305	-1.803858952	2.199010962	0.444335127	-1.409371319	0.260027621	1.071156653	0.840823576	0.006417212
Common_Variable_Immunodeficiency	0.505309976	-0.125620464	0.188327719	1.759501384	-3.556636483	-0.650460785	1.348372055	-1.477547509	1.223549615	0.312990877	0.086897657	0.535576684	1.646610144	-1.549800118	0.226218281	-0.138551873	-0.303173672	1.427720287	-0.547561737	-0.001453416
Congenital_Neutropenia	-1.093852867	1.982085798	0.235905811	-0.284750239	-0.73585802	0.490631375	-0.181101518	0.235976689	0.649981327	0.009618765	-0.5270453	-0.51597962	-0.06786463	0.1969142	-0.228063069	-0.245702113	-0.206246368	-0.001198269	0.056313631	-0.000555076
Parkinsons_Disease	-0.38954042	-1.068680005	-0.053309078	-1.696865466	1.157356965	0.663697785	-1.702356999	-0.146684878	0.461466269	3.218969233	1.703447647	-0.606310539	0.984861503	0.260382784	-0.274947774	1.259200785	-0.2643003	-1.21498409	0.920840239	-0.002406958
Cystitis_Urethritis	-1.126954689	0.67579949	-1.062276314	-0.001304634	0.658094121	-0.072851507	0.801532395	1.162123295	1.695706531	-0.784129154	1.441197467	0.508820975	0.117897505	-1.384294639	2.214123964	0.38203135	-0.495059568	-1.05648239	-0.659358808	0.001637621
Eye_Inflammation	1.129028455	-0.696011042	-1.686333329	-0.181350277	-0.676524593	0.25956992	-1.00682065	-1.550362758	0.498727592	-0.384226917	-0.248997634	1.645668467	-0.106996226	-0.187025089	0.524385467	-0.473169803	0.02634108	-0.51738231	-0.600624706	-0.010421116
Familial_Mediterranean_Fever	-1.233402639	1.728370873	-0.159135085	-0.017998201	-1.026536439	0.038245458	-0.650826493	-0.825195879	-0.112477399	-0.06442019	-0.942983261	0.365319137	-1.179086217	0.110464572	-0.128086018	0.337743186	-0.083384378	0.08212168	-0.027733792	0.001433694
Gastritis_Duodenitis	-0.541294513	-0.499837115	-1.621553054	-0.260587831	0.083922657	0.465018323	2.006655563	0.234014397	1.257922555	1.35522594	-1.499915555	0.072049624	-0.800802664	1.539303101	0.269393681	0.357800383	-0.410665352	-0.552013077	-0.671525393	0.012267799
Graves_Disease	1.20300256	-0.527361437	-1.344326641	1.01058818	0.869014455	-1.415340052	-1.087081637	1.754925356	0.677809087	2.115832397	0.644662106	1.213730535	-1.763177863	0.007364707	0.482986248	0.052529528	1.807152715	-0.860917336	0.499239229	-0.008256232
Crohns_Disease	-2.336879297	-1.156965753	-0.941200135	0.84879664	-0.568478243	0.387386984	1.087596556	-1.581796434	0.854035679	0.85318663	-0.517505484	1.804208351	1.972870842	0.510557205	0.346427753	-1.26892406	-1.108767069	0.179715388	0.179449423	0.003038403
IBS	-0.519570143	-0.725810337	-2.472664968	0.603638753	-0.145002503	0.281947746	1.211358733	1.15261302	1.553953469	1.081773208	-0.812608708	0.625286432	0.768587047	0.911874293	0.61288078	-0.543098594	-1.288070929	-0.607794307	-0.724796649	-0.002612582
IgA_Immunodeficiency	-0.715619506	2.079699786	0.889449119	2.499142921	-2.001951259	-1.085794045	1.395842835	-1.018498119	1.79514668	-0.186278596	0.069722545	1.828332181	0.550412018	-1.032539961	-0.048167913	0.337136809	-0.50225829	1.409955946	0.299025701	0.003602024
Inflammatory_Spondylopathies	0.357684023	-0.766927479	0.093840785	-0.175647817	-0.694121766	-0.636289421	-0.292522175	0.679667989	1.00726144	0.907853709	0.841566008	2.145746953	2.510035527	1.075971999	1.665874899	0.37489216	1.766783416	1.248125059	-0.137341998	-0.00100638
Lupus_Erythematosus	-1.528341503	0.948731453	0.788450013	0.620947747	-0.866367975	-0.195872264	-0.079117457	0.480489491	-0.609717971	1.888974947	1.34241393	1.940376702	0.829684685	-1.241906686	-0.672184667	-1.409742344	0.596725747	-1.261645697	-1.058906419	0.004445584
Multiple_Sclerosis_Other_Demyelinating_Disease	0.225684532	-0.940520942	0.904897994	0.700072375	-0.612754989	0.622237854	-1.214775433	1.160730107	-0.133908524	-1.078057094	1.965967948	0.440169994	1.990817236	-2.930705809	0.844928345	-0.273172201	0.428932002	0.121938074	0.121218092	-0.010710489
Myasthenia_Gravis	0.579685928	-3.565471824	1.252053611	0.337279751	-0.511624671	-0.007813221	-0.158810249	-0.910513966	-0.56591703	1.36910164	1.246506839	0.226299343	-0.275205962	-0.612209283	-0.430438633	1.156427994	-0.152824468	-0.846314135	-1.063471148	0.011343777
Non-Specific_Immune-Related_Skin_Disorder	-1.466188167	1.086486251	-1.666918557	-0.802959724	-1.633424638	0.175721788	-0.481049394	-1.175810939	-1.163992793	0.477966691	0.751667295	-0.509343928	0.393140556	-0.551484463	-0.771614852	-0.872259582	0.287736538	-0.997934349	0.334446945	0.006094808
Spinal_Chord_Degeneration	1.03667855	-0.947033153	2.125100382	-0.702271085	-0.195675152	-0.334649986	-0.477319277	1.27157075	0.071402815	1.68468952	1.055228956	0.524229662	2.061231951	-0.413559319	1.684468369	0.6539144	-0.415474106	1.157755239	0.071245131	0.004245929
Psoriasis_Related_Disorders	-1.666270989	0.857122328	-2.821542525	-0.55369042	-0.709109395	-0.214186613	0.019064144	-1.168331607	0.235700184	-0.090613371	1.292010779	1.267605766	-0.138351925	1.473087251	-0.380564924	0.364795922	1.875414377	0.354787746	1.139489864	-0.010024475
Reactive_Arthritis	-2.553559219	-0.209697441	0.301742196	-0.054086472	-0.230998374	0.07528854	-1.339141132	-2.081327338	-0.585969619	0.524997055	1.694389442	1.31208178	-1.237744466	1.458264058	0.609542499	0.476366615	-0.14771364	0.350949647	-1.158999515	-0.011229301
Rheumatoid_Arthritis_Related_Conditions	-1.318210475	-0.515734801	-0.6407427	-0.537203525	-0.342331186	0.473668985	-0.053269165	0.175139074	1.671908371	0.336555293	2.666528039	1.938646967	-0.13303296	0.598992003	-0.997444683	0.126944719	1.669054112	0.306677621	-0.988538772	-0.006884525
Sjogrens_Syndrome	-0.17412989	-0.843553078	-0.491029772	0.094569736	-2.032785172	0.90679855	-0.761856595	0.38428513	0.06553467	2.508307101	1.68748	1.393019345	-0.732215694	-0.541447706	-0.522050955	-0.740077554	0.456414661	-0.618284527	-1.703331896	-0.009108814
Thyroiditis	0.847367038	-0.616959382	-1.515441627	2.313055424	-0.678629562	-0.512514378	0.420597138	1.68692317	-0.659606806	1.331867632	1.688894767	0.017968715	-1.361664204	-0.893780475	-0.220448698	0.817933793	0.890383599	-0.32876424	0.205611174	0.002791543
Type_I_Diabetes_Mellitus	0.149047852	-0.176221114	0.875261863	-0.567843659	0.069726958	1.118572944	-0.446543244	-0.111046877	-0.518446859	-1.199834676	0.433170301	0.403049175	-1.878870944	-1.165275791	-0.014927655	2.631692887	1.519838898	-0.200860501	1.129964139	-0.003190267
Ulcerative_Colitis	-1.724010886	-0.483596483	-1.043686886	0.023133475	0.077755842	0.9441162	0.235882246	-1.532905334	0.931414932	0.277402539	-1.522203195	1.329758312	2.29644701	1.055790935	0.579735234	-2.057182553	-0.771997833	0.251152716	-0.380652543	-0.015121413
Unspecified_Hepatitis	-2.053180504	1.10112664	0.355931575	0.180232688	-1.603505839	-2.198762646	-1.558545741	0.617025564	-0.137975196	2.172975641	-1.27433777	1.464873356	-0.481829634	0.340611831	0.189877054	0.80207908	0.084890799	-0.536994279	-0.253706495	-0.005112033
Unspecified_Immune_Deficiency	-0.34299539	-0.364975832	1.30460007	2.631505367	-3.16057958	-0.282385437	0.659562084	-2.211776035	1.238997925	-0.418812107	0.834652915	0.93063045	0.009783181	-0.9599546	0.755452258	-0.479973729	0.463917199	1.421610929	0.03939306	0.000654966
Upper_Respiratory_Inflammation	0.711493026	0.101319776	-0.59267998	-0.250450651	-0.813001188	-0.455830825	0.821464929	-0.330964467	0.289901208	-0.917936428	0.368168294	0.246170155	-0.689332	0.845681091	0.641390664	-0.927263938	-0.196101859	-0.176624025	0.149928292	0.003517991
Vasculitis	-0.497706797	0.249779923	1.445947252	0.526442577	-0.378925967	0.562777013	-0.86778814	-1.558289704	0.374781584	0.835083775	1.857047427	-0.27693512	0.018878865	-1.147063973	-0.493520789	-0.940315032	-0.108253243	-1.075758008	-1.949743018	0.000379358
Acute_Bronchitis	0.848293884	0.579527802	-0.603517011	-0.551047898	-0.704375637	-0.556042386	1.119615405	-0.38603538	0.921402789	-0.883083392	-0.247031321	0.016409129	-0.105142165	0.302392425	0.009760867	-0.500604807	0.570642217	-0.168602839	0.092330136	0.003857064
Arthropod-Borne_Diseases	-0.677554373	-0.642263894	0.618639306	1.665292408	-0.450747353	-0.305665517	-2.143024542	0.632366729	1.194135488	0.542466322	2.462012014	0.420043733	-0.200450951	1.4791765	0.816129455	-0.995647585	-0.142348396	0.286883346	-0.421978031	0.004706606
Ear_Infection	1.864443387	0.843372541	-0.645366609	-0.303541342	-0.274479916	0.329326278	0.858942505	-1.056619852	0.744574285	-0.784128582	0.247706287	-0.753679042	-1.036967363	0.939578285	0.598078145	-0.900753802	-0.400088595	0.020157899	0.62026171	-0.009887319
Encephalitis	0.138204638	-0.713010036	3.5631715	-0.103986769	-1.310028937	0.223934337	-2.037234549	0.624569311	0.955691983	0.034557363	1.282358871	0.418258862	1.340279682	-0.649248832	1.44406006	-0.189223819	0.124901207	0.251890953	0.295277104	-0.002393752
Escherichia_Coli_Infection	-1.883655122	0.606741742	2.474667265	-0.728323412	1.229990625	1.016402338	0.538177594	0.932612075	1.999698594	-1.040241895	0.552676967	0.480179797	-0.439899417	-1.101428339	1.75237651	0.264764516	0.00096913	-1.16257546	-0.002273855	-0.003723893
Eye_Infection	1.207833544	0.318842467	-1.073901542	-0.385251178	-0.792893905	0.143179558	-0.276795121	-1.235864321	0.559685114	-0.481718881	-0.235104885	0.824268653	-0.650416497	0.150982016	0.780900711	-0.718716558	-0.132148168	-0.570622486	-0.038215419	0.002342217
Fungal_Infection	-0.37249828	0.841262025	-1.343528459	-1.543409522	0.361261317	1.737504177	0.152514923	-0.730197401	-0.39580988	-0.518840157	0.927669597	-0.130874738	-0.166626603	-0.913666763	-0.306775207	0.357600759	-0.170741999	-0.541712013	0.663720735	0.007589411
Gastrointestinal_Infection	-0.243757926	0.386730483	0.412206395	-0.46596497	-0.138696571	0.424740699	0.92211247	-0.794102853	1.382852938	-0.025517682	-0.716793319	0.14367181	-0.482849	0.922290342	0.830592325	-1.310570408	-0.270811363	-0.596899521	0.249483897	0.009887112
General_Bacterial_Infection	-2.058765169	0.191224619	1.731059697	-0.901161563	-0.415542306	0.758818982	0.601154346	-0.328791363	0.096843183	-1.250482278	0.778706403	-0.017278626	-0.675472874	-1.08020201	0.907133281	-0.974789384	0.074641688	-0.599159084	0.195340526	0.006890981
General_Viral_Infection	0.632402613	0.751315216	-0.046163929	-0.322471307	-0.87011716	-0.543956618	0.634503725	-1.028588667	0.526349373	-0.266370691	0.319655918	0.169699688	-1.023202937	0.879676153	0.856616845	-1.206857803	-0.429623659	-0.540322448	0.540943342	-0.005722957
HIV	-1.955846336	-0.433980309	-0.166842091	-0.131522628	-2.174260787	-0.047304284	-1.489340098	-1.339670414	-0.078443776	-1.208766198	-0.973516411	-0.627432805	0.875587179	-0.222075949	2.950225475	0.401133076	1.99743955	-0.032769485	0.963716305	-0.014575869
Influenza	0.490917519	0.550824959	-0.215762912	-0.395845377	-0.626904411	-0.585180781	0.809668767	-0.445837696	0.62863698	-0.867388513	0.190068217	0.353430776	-0.494255238	0.756630472	0.502650644	-0.914087439	0.111665941	-0.422849699	0.232849624	0.002936154
Other_Viral_Hepatitis	-2.043498678	1.115381106	0.533429043	0.574720293	-1.129000459	-1.747631309	-1.178521369	0.444875262	0.635914563	1.247984673	-0.714468262	0.797860151	-1.068048117	0.791308732	0.836076722	0.770687755	0.828845753	-0.481583173	-0.011427211	-0.012963839
Parasitic_Infection	0.169863162	1.091196941	-0.371038148	-0.956064442	-0.133288038	-0.107913587	0.272556147	-0.104763006	1.228505408	-0.253465091	0.326681801	0.476100253	-0.477005564	0.801633802	1.170724226	-0.65628269	0.561574956	0.132875832	0.348418062	0.000973006
Pneumonia	0.559250855	-0.144074484	1.132309862	-1.224081135	-0.466333893	-1.049674525	1.420787804	-1.526714972	1.744991558	-0.057527326	0.122180424	-0.245910207	-0.214299773	-0.622365119	-0.39163191	-1.285994578	1.090337394	-0.025016537	0.508537881	0.004881575
Poliomyelitis	-0.051330938	-0.690254897	1.45996722	-3.666407883	-1.495153677	-0.021791586	-1.150037226	-0.79442808	0.39667259	0.543460862	-0.153033213	0.413766791	1.235526813	0.256484826	-0.586354484	-0.369027753	-1.530598568	0.104554992	-0.572338826	0.011879716
Aneurysm	0.68511136	0.49672856	0.727771482	-1.283311768	2.161983078	-1.780475208	0.175297533	-0.035259359	0.441791397	1.354751622	-0.379999446	-2.086133138	0.932171291	-0.375953352	-0.392163195	0.328023218	0.255395061	-0.618198684	-1.415775902	0.000334268
STI	-2.315390926	0.323932239	-0.052386426	-0.117533927	-0.552517474	1.203502651	-0.237218517	0.533051504	-0.625052605	-1.371131241	1.054433097	0.486266639	-0.725115456	-0.019638601	2.589595326	0.482597921	0.801518838	-1.026637141	0.240203857	0.000969461
Spirochetal_Infection	-0.999241567	1.043572254	-0.009212508	-0.596506082	-1.086624725	-0.587834206	-0.258004095	-0.389868968	1.08271451	-0.730409806	0.288105543	-0.179289436	-0.824120613	-0.116871198	-0.361056691	0.156509703	0.271432828	0.15474183	0.06253062	0.002431949
Tuberculosis	-1.252284646	-0.128380219	0.84821163	-1.00692542	-1.982518088	-1.374132302	0.092716914	-0.48160532	1.07941472	0.320530569	0.576669002	1.41956254	-0.603204363	-0.729434167	-0.021937808	0.259279636	1.086640548	-0.376986132	-0.066074209	0.002758424
Viral_Hepatitis_C	-1.751861397	1.408918552	0.705946456	-0.937780804	-1.084831745	-2.256144967	-1.767517712	1.043535164	0.33558765	2.02912335	-1.171302264	0.647379978	-0.201219704	1.306771435	0.586922924	1.130585888	0.634998417	-0.279273373	0.643513461	0.002088867
Viral_Warts_HPV	-0.669029195	0.283703412	-2.095297056	-1.338002139	0.162731042	-1.556212336	0.034702449	-0.577788659	-1.269545038	-1.002070034	1.045298488	0.620527696	-0.218730486	0.560027098	0.733656129	-0.095560748	-0.46052004	-0.141943	0.698356014	0.003231247
Acne	-1.088122475	-0.868396807	-1.469070575	0.096678179	-0.939960418	-0.556026512	-0.081960175	-0.020080515	-1.917376851	0.120046843	2.166061186	0.940540942	-0.143638081	0.453840729	0.341556169	-1.629529164	-1.562121295	-0.875170117	0.338537016	0.000628271
Alopecia	-1.102093793	0.45880608	-2.259449066	1.454377319	-1.087138775	0.773434738	-1.224126651	0.670262162	-1.032772172	0.857264004	1.294831432	0.294486355	-0.602184932	0.110274062	-0.201188811	-0.859225131	-0.517347645	-0.763218602	0.276458193	0.001415659
Dyschromia	-0.78555881	0.472196085	-2.773789876	0.166397241	0.207288575	-1.179457292	-0.984834786	-0.248340508	-1.408326918	0.392624799	1.101913275	-0.31454802	0.961240813	-0.345434782	0.017960239	-0.925537462	-0.747289837	0.019137406	0.11111611	-0.002498977
Atherosclerosis	0.051085572	0.475612369	-0.153258226	-2.019799721	2.068525696	0.485883754	-0.275776114	-0.231741239	0.302589053	-0.073462553	-0.288953283	-1.694992601	0.176275139	0.203405325	-0.197832404	0.726633892	2.105311733	-0.309482974	-0.354216831	-0.00902396
Lichen	-1.237151239	1.531753259	-2.728503845	-0.819681591	-2.211002403	-0.745785834	-1.238613777	-0.297711291	0.066955107	0.873435257	1.150472812	-1.186625013	-0.300462657	-1.030204314	-0.038603376	0.125193159	0.055997795	-0.471207066	-0.113875017	-0.00794488
Non-Specific_Dental_Disorder	0.187330791	0.555029973	0.484086274	-1.223945396	-1.14451883	-0.40343292	-0.026366109	1.707008644	0.621046107	-0.733308878	0.177702485	-1.118853078	-1.32321182	1.074159653	0.626894762	0.124917841	0.305893852	-1.008477175	-0.118163527	-0.002192284
Non-Specific_Soft_Tissue_Disorder	-1.071387476	-0.724786427	0.610301307	-0.411434675	-0.640500865	-1.095422834	0.2898038	1.984773485	-0.763117816	1.006092044	1.879657275	1.348847947	0.352331398	1.319961286	-0.949530554	-0.263187632	-0.217549357	0.506985095	-0.919904926	-0.0029197
Oral_Soft_Tissue_Disease	-0.324602233	-0.049849189	-0.896741926	-1.002482515	-1.5332227	-0.631026371	-0.626916667	0.105814626	0.32710149	-0.333481026	0.771230155	-1.04725826	-1.27039891	0.623827644	0.453399039	-0.296727538	-0.231650224	-0.057839607	-0.144014661	0.003646135
Radiation_Sensitivity	-1.661074243	-0.506759702	-1.087416892	-1.948277015	1.432169663	0.745137275	2.44214255	-1.52442757	1.99162452	0.270068917	0.195520229	0.214055634	0.18555964	-0.068696218	1.511793938	0.848314248	-0.34014949	0.532494341	0.425989565	8.16E-06
Rosacea	-0.747474602	0.206612235	-3.351026641	0.538263553	-0.132669233	-0.118916138	-1.141479124	-0.293599411	-1.278540252	0.214220989	0.780254964	0.28183899	1.225971699	0.02569431	-0.081598429	-0.801483553	-0.479727091	-0.387420185	-0.190550383	-0.002733048
Seborrheic_Dermatitis	-0.590869088	0.637883656	-2.598858042	-0.109701441	-0.345936525	0.063859645	-0.870107602	-1.329394221	-1.109710988	0.655871214	1.138049853	-0.623641819	0.52048814	0.082278314	0.178131276	-0.573230035	-0.274008	-0.70865916	0.4954249	0.003545846
Cardiac_Dysrhythmia	-0.01873599	-1.441436873	-0.497968098	-0.336785516	2.811155833	0.260369687	-0.073595003	-0.902519792	0.095608749	0.115772127	0.203756604	-0.564998652	0.873004967	0.034682885	-0.77566475	-1.146481402	1.664715959	-0.311433051	0.116031905	0.008119149
Copper_Metabolism_Disorder	-1.524401967	-0.068613674	1.159335632	1.779970869	-1.023761904	0.29709054	-1.18091871	0.659649234	0.350628422	0.828646685	-0.691642628	-0.757019603	-0.088948883	1.591751712	-0.280867614	-0.407507548	0.09280588	0.156135274	-0.040371287	0.006228263
Gout_Related_Crystal_Arthropathies	-0.854104728	1.44101634	0.918981798	0.139347831	1.307180654	-0.364315271	-1.268329949	-1.5735929	0.87333155	-1.392277928	-0.001689148	0.689617347	1.062736175	2.129013492	-1.779264221	0.565772301	0.746710817	0.22079693	-0.480303651	-0.00175465
Cerebrovascular_Disease	1.254802352	-0.130998323	1.347397974	-0.782564633	2.206998449	0.712344103	-1.193960609	1.04162706	0.778119705	0.475156908	-0.380037647	-1.55926748	0.700970108	-0.988377137	-0.547959428	-0.011638294	0.191095346	-0.582686552	-0.449509919	0.00140173
Malnutrition	-2.271923727	-1.724068469	2.170330563	0.990617559	-0.032255812	1.215993943	0.899743425	0.074280406	0.661717708	1.09521573	-0.353449526	-0.289086856	-1.22739464	-0.292350337	-0.929807998	-0.618281283	-0.348277565	-0.598726911	0.674576702	0.004380504
Metabolic_Syndrome_X	-0.76250947	0.013368972	-0.694625018	2.58952052	0.149285504	0.547616775	-0.687058128	0.930853777	-0.871858174	-2.171692402	-0.728538803	-0.316286492	-0.650225506	0.688565648	-1.169885511	0.910145458	0.760044112	-0.711677827	-0.524013093	-0.001367168
Deep_Vein_Thrombosis	-1.024422498	0.443694106	1.319808972	0.067558833	1.660393852	1.105292322	1.892452903	0.457961028	-1.100333117	-0.878323571	0.159492694	-0.432320356	2.144304324	-0.226962621	-1.299028598	-0.695041607	-0.372557941	1.376479558	-0.170919935	-0.014595494
Unspecified_Hyperlipidemia	0.147894998	0.506623736	-1.06490781	0.284563575	0.79824148	0.026319589	-0.592599968	0.366970125	0.743252281	-0.955302378	-0.817380032	-0.37874321	0.226415725	0.42670874	-0.715262128	1.017435974	0.967862961	-0.001835434	-0.131627804	0.002228803
Abnormal_Spine_Curvature	1.53217347	-0.308835303	-0.713881954	-0.957317138	0.564280925	-0.570600058	1.593495798	0.777333058	0.124866971	2.406053488	2.015583844	1.760324034	1.388176206	0.44894642	0.685177871	-1.124921121	-0.469991287	0.126195721	0.434997415	-0.001246361
General_Hypertension	0.106658424	0.437537154	-0.568218628	0.005414461	1.016990487	0.230328525	-0.266250758	0.138563352	0.74497521	-0.654850529	-0.804004419	-0.102661304	0.348109333	0.20839702	-0.801934503	0.697497815	0.97192662	-0.058166317	-0.084427204	-0.006366123
General_Spondylosis_Spine_Disorder	1.159146617	0.883822349	-0.51454627	-0.752136351	-0.18708274	0.251387216	0.907638711	1.489650849	0.003796777	0.890719184	0.381930243	1.168136178	2.56071909	1.042004559	1.30419548	0.839879542	1.29525048	0.649673313	0.362605934	0.000411577
Osteoporosis	0.47562408	0.916054126	-1.830199692	-0.107332959	0.8551304	-0.325396758	-0.180379296	1.092481927	2.339887551	1.675561688	0.794891764	1.006660081	0.39950024	-1.337465124	-1.638701187	-0.291033058	-0.39509287	0.484754386	-0.623286949	0.00262414
Benign_Colon_Neoplasm	-0.373998698	0.727288684	-2.347146646	-0.50695109	0.946349345	-0.359414406	0.373230233	-0.353697106	1.043974135	0.177218159	-2.392570617	-0.512562883	0.603833823	1.010629933	-0.273453885	0.413384849	-0.873645174	0.657475784	-0.409564351	0.004685292
Benign_Oropharyngeal_Neoplasm	-0.011651014	-0.834381553	-1.371916689	-1.10407035	-1.31312071	-1.775508212	-1.127587838	0.32895829	0.058161535	-0.429086805	0.549622987	-2.13349182	-2.136900433	0.410875299	-0.034401757	0.402192053	-0.025951416	0.726511196	-0.50910175	0.005182478
Benign_Uterine_Neoplasm	-1.050661031	0.433282487	-1.878528023	1.221888969	1.34678104	1.450916319	1.021641498	1.798155523	-0.957600012	-0.643226265	-0.449411112	1.888871806	-0.893026653	-0.530117798	0.527275914	-1.208081426	-0.164284107	0.743236257	-0.380925065	-0.002889702
Bladder_Cancer	-1.713452859	-0.021747773	-1.099048241	-0.639376175	2.893646618	-0.452946995	1.4384989	-0.427972285	1.530849824	-0.455372979	2.04306663	-0.722612286	0.322616222	-1.460686515	1.056779432	1.876275484	0.587634166	0.644789314	0.07731616	0.002082116
Breast_Cancer	0.773841206	0.608979689	-1.38254882	-1.635550555	-0.08012075	0.6834906	-0.703207473	1.656744889	-0.080404668	1.257304456	-1.59221291	1.106956084	-0.975699749	-0.807145302	-1.689755503	-1.739672244	0.701209142	2.114991183	0.81415677	-0.000942067
Colorectal_Cancer	-1.048149731	-0.168786808	-1.14536654	0.016798731	0.642281208	0.673921855	0.766560231	-0.850328308	0.377582076	-0.015140953	-2.78693927	-1.943431428	0.516050905	-1.912317597	1.137171092	0.322747874	-0.103807584	1.256437905	1.183032461	0.005404154
Esophageal_Cancer	-2.171804951	-2.617858006	-0.547623182	-0.380720852	0.519288653	0.354828832	1.079148474	-1.264313732	0.896722035	0.343283111	-0.179053744	-2.589866312	-1.845619593	0.204656194	-1.746522322	0.22981878	-0.017177885	0.454797478	-0.225851097	-0.005126325
Hepatobiliary_Cancer	-3.308581362	-0.727137336	0.921953341	-1.068799787	0.695753336	-1.467104162	-0.079960817	0.964475025	-1.190787977	2.230248526	-1.349901468	0.055395742	0.195788718	-0.775738876	-0.022056933	1.439587543	-0.090249988	0.528629942	0.966388147	-0.016181378
Non-Specific_Cardiovascular_Disease	-0.348176246	-0.739518034	0.947172726	-0.871728426	1.584905662	0.711922444	0.646343321	-0.938813502	0.629581537	0.255122066	-0.298747506	-0.431238765	-0.155106553	-0.202895201	-0.316033159	-0.923279613	1.802411166	-0.468393321	0.486979939	0.012814477
Kaposis_Sarcoma	-3.686619137	-1.880771764	-0.070928783	-1.039075042	-1.740102074	0.245962239	-0.929703815	-0.812387878	-1.434236834	-0.388628192	-1.066328762	-1.341327156	-0.580054425	0.547064689	-0.475864286	0.15530232	0.542068405	0.11603614	0.162811933	0.000285219
Lung_Cancer	0.093247938	0.094597146	0.307070618	-1.011543968	0.580521734	-1.049674967	1.710067727	0.887095442	1.373689061	1.179810533	1.005682653	-1.657563743	-0.195640929	-0.545086457	-0.552103265	0.504582742	1.031072226	1.913375987	0.931519274	-0.002355952
Lymphoid_Leukemia	0.307270044	2.387294918	0.823851106	-0.451458293	0.656919309	-0.437237924	-1.609177524	-1.852275625	1.49662262	-0.899970315	0.5296456	-0.596974878	0.149078	-1.408165299	0.99424649	-1.13950763	0.436253553	2.170082262	-0.417613952	0.002081965
Melanoma	-0.980349849	-0.088832888	-0.511979796	-0.924299515	0.714258481	-2.835340751	-1.942481076	-0.640926701	-1.982959877	-0.123413865	0.224697373	-0.705340559	1.310222116	-1.176298534	-0.357201409	-0.346822247	0.173136604	1.611776758	1.011455026	-0.003764583
Non-Specified_Cardiac_Ischemia	0.081733333	0.109880738	-0.292123799	-1.948149343	1.859958732	0.481795809	0.032285282	0.175493728	0.604671595	-0.183798922	-0.544856423	-1.414751471	-0.155852731	0.566456134	0.290493434	0.376053878	2.70482065	-0.343419395	-0.472607425	-0.001024729
Non-Hodgkins_Lymphoma	-0.12392315	1.072626068	0.13268377	-0.69064719	0.458470895	0.049386474	0.320820861	-1.731071191	-0.347530512	0.676445155	0.695786148	-0.640673499	-1.562782127	-0.347349846	1.271902071	-0.086703866	0.554274429	2.083002179	-1.06055162	0.003879433
Oro-Naso-Pharyngeal_Cancer	-0.535452102	-1.700198289	-0.52018959	-1.021662485	-0.302689151	-1.214059804	-1.483302326	-0.796371993	0.815633595	0.207378035	0.818614011	-2.753930115	-2.598860022	0.466681006	-1.001389001	0.297773999	0.526296127	0.895344799	0.259882253	-0.015304066
Other_Lymphoid_Histiocytic_Cancers	-0.682946918	1.449481207	0.016646706	0.731016884	-1.247581647	0.234529484	0.449655058	-3.135507439	-1.310670379	2.49332167	0.941505499	-0.393753032	-0.979242015	-0.87648351	-0.646556092	0.646160822	-0.720985376	1.12429538	0.36390318	-0.001585486
Pancreatic_Cancer	-3.107592398	-2.088041782	0.852969381	-0.700878182	0.928408243	0.223020316	0.232698938	0.752430918	-0.673539193	1.057762408	-1.044022869	0.347396576	-0.210180552	-1.103154008	0.153190175	1.36105944	0.164806216	0.753381842	0.105135958	-0.009907125
Stomach_Cancer	-2.704933752	-2.544858062	-0.738581471	0.142711901	0.998116532	1.357353599	0.655612999	-1.135544051	0.081418902	0.775495673	-0.483529489	-1.965996323	-1.967571697	-0.513964806	-0.511467086	0.238973482	-0.401610381	0.462392885	-0.177866022	-0.006976696
Thyroid_Cancer	1.100256449	-1.556658677	-1.849599929	2.436688791	0.369256737	-1.777775708	0.417325296	0.416581838	0.683907631	0.84238728	-0.200357971	1.495991504	-0.959479871	0.269032292	-0.142512076	0.550730661	1.091737559	2.271612924	0.690880712	-0.006418743
ADHD	0.298046747	-1.912302617	-0.388599614	0.581279295	0.623735276	-0.540576554	0.39795503	0.065963508	0.133510288	-1.191198723	1.663613203	0.68462541	0.457343477	1.682804173	-0.345266533	-0.007095119	-0.239489759	-2.315959522	1.007824261	0.001007412
Adjustment_Disorder	0.441080404	-0.398489054	-0.631884688	1.460083046	0.512586732	-0.467518588	-1.106126988	0.497995151	-0.017028156	-1.145970382	-0.607226584	2.017757592	1.693063062	0.481897725	0.279472919	-0.998818429	-0.487235188	0.954020085	2.329993484	0.00338652
Alzheimers_Disease	-0.50140537	0.251538574	-0.245883603	-1.356705415	2.170868671	1.474794263	-1.130532147	-0.059700888	2.487280993	0.463573638	1.035876858	-0.423786585	0.869678943	-1.140882975	-1.454862083	-0.356597061	-0.185810372	-0.997778867	1.044786227	-0.011255449
Autism	0.510377947	-1.565635438	0.561992019	1.799183653	-1.617835834	0.269491124	0.154468108	-0.943666382	1.132441591	-1.091304114	0.123979107	-0.997620224	-1.490183797	-0.361082861	-1.053040676	-0.081050119	-2.811736765	-1.420101583	0.389545684	-0.025781808
Bipolar_Disorder	-0.779726338	-0.287856457	-0.252630976	-0.112308856	-0.919986751	-1.425759418	0.3196126	1.188129203	-0.046094179	0.424836417	-0.911501715	1.505839519	1.711733176	-1.016008612	-1.201132644	0.974747858	-0.101948133	-2.32581642	0.971210808	0.002460859
Depression	-0.568499415	-1.884244458	-1.252090784	-0.031188596	-0.56942786	0.528521418	-0.037588288	1.976514391	0.597852983	-0.838520652	-0.271611637	0.683136003	1.268892872	0.199870475	-0.164080724	0.197315402	0.81829396	-0.493553095	1.252992117	0.002554502
Eating_Disorder	-0.173919888	-2.501159826	-0.226629749	0.330169196	-1.403937101	1.743457206	1.033271188	1.662316763	-0.292093612	0.516538699	-0.887842436	2.355871492	-1.559436085	0.637632853	-1.27955396	-0.352277237	-0.277759195	-0.41788888	1.588141948	-0.002869064
Pulmonary_Heart_Disease	0.215833267	-1.010204417	0.469284136	-0.019020522	0.295018654	-0.134511433	1.274212931	-1.329616593	-0.645070822	1.328787795	-1.012586453	-0.193252293	0.991368063	-1.014314019	-2.055900306	-1.395996639	2.520413572	-0.664657744	0.054285701	-0.006077974
Migraine	0.842421711	-0.802336671	0.029202006	0.852400735	-0.677433528	-0.041677257	-0.110177753	2.418524473	0.18657636	-0.188274479	-0.457208201	0.462439319	1.582973356	0.641051692	0.703116186	-1.660091391	-0.16165724	-1.021550044	-1.163536326	-0.001510429
PTSD	1.200596094	-2.293439339	-1.01366758	-1.368060663	0.873085405	-0.035304589	1.370102386	2.03270798	-0.741886848	-1.600967986	-1.569371634	0.458967597	1.447689343	-0.295958361	0.056142458	0.870898042	-0.457980539	-0.289509832	0.644342889	-0.001426913
Schizophrenia_Related_Psychosis	-0.857753931	-0.577743813	0.74866776	-0.970229997	0.618354963	-0.682856198	-1.439700573	1.532058441	1.164716937	0.307851527	-0.773459259	-0.468008376	0.10472861	-1.023343218	-1.246685304	0.234015498	-0.06198111	-1.475448825	1.316938902	-0.004346959
Sleep_Disorder	1.118189852	-1.745213583	-0.991149302	0.939935454	-1.399822318	0.724202343	-0.417354329	0.514034538	-0.708486683	0.377607677	-1.072752132	-0.394567189	1.701442204	1.728222889	-1.444576276	-0.276074351	0.61442313	-0.285040551	0.822191754	-0.001902489
Substance_Abuse	-1.208374052	0.206786276	0.550530192	-1.006120002	-0.785979105	-1.643081895	0.774221709	2.184239829	0.834258183	-0.83981681	-0.654312905	-0.721499075	1.016855376	1.185688038	0.073179787	0.100919138	1.315315194	-0.538643129	0.832215883	-0.003265575
Unspecified_Childhood_Psychoses	0.878765853	-3.090172319	-1.179431219	2.007296713	-0.851757938	-0.508852757	0.465980924	-1.810608609	0.592039609	-1.25605994	-0.231538843	-1.445032597	-0.581855165	-1.235907864	-0.578650628	-0.283856193	-1.412029271	-1.903453077	1.624354986	-0.025454684
Neonatal_Disease	2.251270848	0.305421388	1.294757915	-0.184294682	-0.74440644	0.505767404	1.572854198	-1.617390906	-1.216703579	2.188063418	-0.983338112	-1.313512846	0.082471914	-0.533266422	0.983252347	-0.29201299	-1.693668628	-1.102342198	0.470853617	0.001114308
Corneal_Disorders	0.799421803	-0.904754672	-1.596730981	-0.549065614	-0.029864388	0.472800424	-2.082394461	-0.844820932	0.490800826	0.381000961	-0.302857706	1.864991023	-0.613015675	-0.165619294	0.905316606	-0.211971698	0.160245324	-0.695363134	-0.635445658	-0.000816549
Glaucoma	0.742530259	-0.576858081	-1.683591585	-1.083155258	0.954108169	0.410691109	-1.764969198	-1.260504233	1.481363293	-0.889838688	-0.850206492	1.105043114	0.144749951	-1.24955285	-0.480826883	0.714941506	0.228882202	0.285806685	-0.711709034	-0.002219581
Macular_Degeneration	1.501003934	-0.678162637	-1.828874287	-0.732977654	2.062300269	1.530818267	-0.257037835	-2.002880151	0.478889632	0.946908931	-0.043829635	0.567136051	0.818344114	-1.648230764	-0.875483284	0.46017699	-0.011205286	0.368952187	-0.383202409	-0.007222638
Gestational_Pregnancy_Related_Disorder	0.135122989	0.548170867	-0.155896349	1.17869341	-0.502280781	0.667603218	1.567359468	0.590800172	-2.303815099	0.318856467	-0.782674116	-0.482492515	-0.280017517	-1.427650452	2.515718488	-1.110426038	-0.067751867	-1.046474192	0.916539747	-0.003928533
Menopausal_Disorder	-0.059644922	0.722561572	-2.674335306	0.659203235	0.530885512	0.254545813	0.065179128	2.222698818	0.890645421	-0.200122382	-0.06485816	1.386070539	0.220679584	-0.935801508	-0.589850135	-0.577085914	-0.439283669	0.500670428	-0.607094205	-0.00253811
Alveolar_Disease	-0.273722886	-0.862770035	0.293358757	-1.066453141	-1.844881019	-1.482121939	1.50232025	-2.699893945	0.853271204	1.236107879	-0.078328021	-0.069213605	1.132524297	-1.441528895	-1.938773657	0.131145861	1.582393362	-0.398391067	-0.121130555	-0.008143428
Cystic_Fibrosis	-0.19953899	-1.188619207	0.841026275	0.73712572	-3.589644102	0.126671664	2.034254	-1.177884718	0.873716463	-1.714937691	-1.49310739	-0.710801851	-0.630536811	-2.910338247	0.378486431	0.241131958	0.28293664	-0.178646566	-0.138332155	0.001347583
Emphysema_COPD	0.596472293	-0.419164089	-0.284998925	-1.583280756	-0.625403088	-0.845799605	1.723907646	-1.422796585	2.069494322	0.224855993	-0.284423945	-0.841996867	1.144345455	-1.023413132	-1.748947378	0.243576087	2.120807067	0.069451593	0.335825813	-0.000637327
Non-Specific_Pulmonary_Disorder	0.345363368	-0.702879538	1.047536308	-1.113118575	0.047709694	-1.311150169	1.62389213	-0.960937478	1.059835906	0.317915574	-0.419848757	-0.49980467	-0.10822993	-0.541787729	-0.46234988	-0.939781014	0.905415073	0.212479681	0.026833685	0.00521687
Sleep_Apnea	1.256584091	-1.865757332	-0.260807989	0.444668574	-0.775044294	0.361192396	0.200579757	-1.277636408	-1.406352734	-0.487851236	-1.779032364	-0.35034827	1.733564725	1.865078735	-2.406838827	0.922177856	1.393386519	0.656661296	0.72821431	0.001685511
Bladder_Disorder	-0.91842079	-0.50846356	-0.175615405	-0.022105904	1.590567899	0.401939892	0.819981528	-0.390464708	1.413855828	-0.487366145	1.736322885	-0.313041117	1.445708839	-1.494757467	1.854632918	1.570547184	-1.068006923	-0.768183239	-0.674772115	-0.000345766
Chronic_Kidney_Disease	-1.571247069	1.716641077	1.396489562	0.536581181	2.630297035	0.427486269	-0.425904734	-1.696728484	-0.276415667	1.350078189	-0.185628548	0.826427006	-0.146529122	-0.840682081	-1.059620126	1.001302811	0.643196135	-0.415644972	1.167491409	-0.00089248
Nephrotic_Syndrome	-1.120065108	2.391681551	1.761619901	1.634154264	0.476038235	-0.544171233	0.672011103	-1.98437016	-0.806821822	-0.097201621	-0.44332991	2.340142151	0.908912587	-0.923199208	-0.534911431	0.483591875	0.119327035	-0.847631912	0.008879257	-0.005992264
Non-Specific_Nephropathy	-1.179090098	0.904166759	0.462868464	0.719939344	1.949632956	-1.872228454	0.917376605	-1.004585231	0.728723998	0.471157461	-0.388547127	0.721079466	0.545351685	-0.810100505	0.753228276	1.43241669	-0.274887255	-0.258706575	-0.650129779	0.007364917
Urethral_Disorder	-1.208708535	0.974037164	-0.523461191	0.066309693	1.782269213	-0.230189024	0.827064139	0.498741066	1.480528651	-0.606119869	1.593632073	-0.014668638	0.136079346	-1.669860798	2.560811677	0.616892206	-0.795105407	-0.934425507	-0.354396486	0.004894781
Urinary_Calculus	-1.408267284	-0.051681648	0.35594359	1.299452938	1.766298514	-2.058135314	0.97556609	-0.182065744	0.93595818	-1.875263199	0.024655908	0.876022462	1.434479282	0.003679273	1.47816635	0.93475268	0.110714081	-0.461603963	-0.939474874	-0.006264681
Epilepsy_Related_Disorders	1.316263142	0.211707629	1.615563117	0.614986583	-0.550369442	-0.785818091	-0.981340861	0.969754818	0.512761196	0.318439175	-0.930251058	-1.340261702	1.301323972	-0.744809219	-0.846206233	-1.157038993	-1.537475285	-0.724743403	0.030580728	0.002024777
Hepatobiliary_Congenital_Anomaly	-0.827513686	-0.502092946	1.623934743	0.312865841	-1.399265101	-1.323235631	1.264801638	1.082429799	0.061580533	1.23330934	-1.870996019	0.10628828	-0.592471297	0.018141631	1.697786785	1.546085517	-0.159368898	-0.621310152	-0.315366893	-0.002886385
Non-Specific_Digestive_Congenital_Anomaly	0.40072835	-0.127543719	-1.499025397	-0.050151615	0.664642935	-0.32195921	2.122516123	-0.665297846	0.585138896	2.336380926	-1.986956001	-0.693485449	-0.483974525	0.834010857	0.338019612	-0.175306511	-1.700132579	-0.520168554	-0.300989566	-0.002438342
Non-Specific_Neurologic_Congenital_Anomaly	2.576270051	-0.881152722	2.29583309	1.287015974	0.133438802	-0.578203861	0.274575046	-0.794089002	0.126599807	1.795564688	0.939411109	-0.49037969	0.874539965	0.383668031	1.580557543	-0.509289495	-1.317941223	-0.102790866	0.772468627	0.007662976
Oro-Facial_Congenital_Anomaly	1.241295872	0.239280286	-0.211195329	-0.859907819	-1.072054805	-0.244266171	0.552436546	0.046899943	-0.536059267	0.723775411	0.907667049	-1.139288119	-1.762642656	1.310787758	1.187804177	-0.738589314	-0.788709996	-0.811900488	0.479389336	-0.000935402
Pubertal_Dysfunction	1.329830833	0.364922576	1.303049105	1.895976053	-0.41343008	-2.426020868	-0.491394915	-0.562893719	-0.29301757	-1.455558963	2.168979053	0.779019628	-1.327856785	-0.594537085	-0.296048231	-0.676678472	0.441819447	-0.223292236	1.203020946	-0.007840496
Respiratory_Congenital_Anomaly	3.414139159	-0.369329422	0.81337386	-0.481412752	-1.505132906	-0.940637066	3.533257079	-1.192951948	-0.27416197	1.451144336	-1.522620295	-1.097184424	-0.769346718	-0.082072556	-0.641645665	0.756899284	1.008448807	-0.013286828	0.850352951	-0.005242718
Appendiceal_Disease	-1.350796786	0.025201034	0.124215875	-0.463596166	0.407382242	-1.303688911	1.089231854	-0.003980543	0.295257108	-0.889050567	-1.423051171	0.317620563	-0.479071506	0.927971868	0.936416138	-1.153875329	-0.733590328	-0.141802239	-0.174332752	0.007138509
Diverticulosis_Diverticulitis	-0.570690748	0.746580466	-1.778204927	-0.515164366	1.374008551	-0.534680634	0.727939408	-0.298192789	1.543231062	0.281902481	-2.403532795	-0.097024983	0.798721364	0.804049403	-0.278575728	0.200180418	-0.864754551	0.476105184	-0.674336239	0.011404136
Esophageal_Disease	0.264664774	-0.658142389	-1.815540016	-0.040713519	-0.250017221	0.208212995	1.733591881	0.149868818	1.012412609	0.891837661	-1.10049366	-0.225102605	-0.205232347	1.328917427	-0.353168592	0.603803847	-0.088054773	-0.445976982	-0.637735857	0.003736661
Functional_Digestive_Disorder	-0.488032072	-0.426806706	-0.96440408	-0.075696538	0.308412178	0.518677899	1.590559157	0.041665679	1.311913768	1.116982553	-1.244850386	0.227346869	-0.307004084	0.67511725	0.470260976	-0.224548492	-1.145857736	-0.457876628	-0.252295761	0.013108874
Hirschsprungs_Disease	2.59114399	4.253989044	0.186489303	-1.693023412	0.479242972	1.353625822	1.318631918	-0.153376549	0.154274659	0.856377427	-2.880485317	-0.068773753	-1.510324115	0.442269651	0.610780968	0.588789963	-0.842769425	-0.32159042	0.143197652	-0.024137342
Non-Specific_Gastrointestinal_Disorder	-0.68969215	0.400186364	-1.000893832	-0.403968383	0.527853929	0.312526547	1.089098422	-0.553637131	1.106422434	0.414364993	-1.835411045	-0.106945789	0.157633194	1.116580712	0.493336119	-0.909036496	-0.922660325	-0.132537685	-0.126469462	0.005326359
